50 50
0 1
;
11111111111111111111111111111111111111111111111111
11111111111111111111111111111111111111111111111111
11111111111111111111111111111111111111111111111111
11111111111111111111111111111111111111111111111111
11111110111111111111111111111111111111011111111111
11111110111111111111111110001111111110011111011111
11011110111111111111111101111111111111011111011111
11011110111111111001111100111101111111011111011111
11001110111100011000001100111111100011011111011111
11100000111011011011100110001011001011011000011111
11101110110111011011110100111011000011011010011111
11101110110111011011100110111001011111011010011111
11101110010000111000001110111101100111011000001111
11100111011111111011111111111111110011011110101111
11111111111111111011111111111111111111111111111111
11111111111111111011111111111111111111111111111111
11111111111111111011111111111111111111111111111111
11111111111111111011111111111111111111111111111111
11111111111111111111111111111111111111111111111111
11111111111111111111111111111111111111111111111111
11111111111111111111111111111111111111111111111111
11111111111111111111111111111111111111111111111111
11111111111111111111111111111111111111111111111111
11111001111111111111111111111111111111111111111111
11111000001111111111111111111111111111111111111111
11111011110011100111101101111101100001111000111111
11111011111011101111101101111100011101110111011111
11111011111101101111101101111101111111101111111111
11111011111011001111101101111101111111101111111111
11111011100111011111101101111101111111100111111111
11111000011111011111101011111110111111110011111111
11111000111111011111101011111110000001111100011111
11111010011111011111101011111110111111111111001111
11111011011111011111101011111110111111111111101111
11111011101111011111011011111110111111111111101111
11110111101111011111011011111110111111111111001111
11110111110111101110011011111110111101001110011111
11111111110111100000111000000110000001100000111111
11111111111111111111111111111111111111111111111111
11111111111111111111111111111111111111111111111111
11111111111111111111111111111111111111111111111111
11111111111111111111111111111111111111111111111111
11111111111111111111111111111111111111111111111111
11111111111111111111111111111111111111111111111111
11111111111111111111111111111111111111111111111111
11111111111111111111111111111111111111111111111111
11111111111111111111111111111111111111111111111111
11111111111111111111111111111111111111111111111111
11111111111111111111111111111111111111111111111111
11111111111111111111111111111111111111111111111111
;
11111110011111111111111111111111111111111111111111
11111111011111111111111111111111111111111111111111
11111110011111111111111111111111111111111111111111
11111110000111111111111111111111111111111111111111
00111100111000111111111111111111111111111111111111
10000011111111111111111111111111111111111111111111
11011011111111111111111111111111111111111111111111
11011011111111111111111111111111111111111111111111
11011101111111111111111111100000111111111111111111
11011100111111111111110000011110000111111111111111
11011111111111111110000111111111110011111111111111
11011111111111111001111111111111111000111111111111
11011111111111110111111111111111111110111111111111
11111111111111100111111111111111111111011111111111
11111111111111101111111111111111111111011111111111
11111111111111101111111001111100111111011111111111
11111111111111101111111001111100111111101111111111
11111111111111101111111111111111111111101111111111
11111111111111101111111111111111111111100111111111
11111111111111101111111111111111111111110111111111
11111111111111101111111101111101111111110111111111
11111111111111110111111101111101111111110111111111
11111111111111110111111101111101111111110111111111
11111111111111111011111101111001111111110111111111
11111111111111111101111110000011111111101111111111
11111111111111111110111111111111111111101111111111
11111111111111111110011111111111111111011111111111
11111111111001111111100111111111111100111111111111
11111111111100111111111000011111111011111111111111
11111111111111001111111110100000000111111111111111
11111111111111110011111110111111111111111111111111
11111111111111111100111110111111111111111111111111
11111111111111111110001110111111111111000111111111
11111111111111111111100110111111100000111111111111
11111111111111111111111000000000011111111111111111
11111111111111111111111100111111111111111111111111
11111111111111111111111110111111111111111111111111
11111111111111111111111110111111111111111111111111
11111111111111111111111110111111111111111111111111
11111111111111111111111110111111111111111111111111
11111111111111111111111110111111111111111111111111
11111111111111111111111110111111111111111111111111
11111111111111111111111110111111111111111111111111
11111111111111111111111110111111111111111111111111
11111111111111111111111110111111111111111111111111
11111111111111111111111110111111111111111111111111
11111111111111111111111100111111111111111111111111
11111111111111111111111100111111111111111111111111
11111111111111111111111100111111111111111111111111
11111111111111111111111100111111111111111111111111
