10 10
0 1
;
1111101111
1111001111
1110000111
0000110111
1011110110
1100111000
1110000011
1110011111
1111011111
1111011111
;
1111111011
1111111011
1111111011
1111111101
1000000000
0011111101
1101111101
1101111101
1101111111
1101111111
;
1111111111
1011101111
1100001111
0011100110
0101010100
0111110001
0001110101
1100000001
1101010101
1101010101
;
1011111111
0001100001
1011101100
1111101010
1111100100
1111110001
1111001011
1111100010
1111110001
1111110111
